20/02/19 (2126) - 07, 12, 24, 27, 39, 58 
16/02/19 (2125) - 01, 31, 44, 46, 53, 58
13/02/19 (2124) - 02, 11, 20, 31, 43, 47
09/02/19 (2123) - 14, 15, 47, 50, 56, 59
06/02/19 (2122) - 03, 11, 15, 21, 27, 49
02/02/19 (2121) - 08, 10, 17, 29, 37, 40
30/01/19 (2120) - 13, 20, 24, 25, 38, 41
26/01/19 (2119) - 19, 21, 26, 31, 42, 49
23/01/19 (2118) - 11, 12, 20, 40, 41, 46
19/01/19 (2117) - 04, 28, 29, 30, 43, 52
17/01/19 (2116) - 01, 09, 19, 21, 34, 54
15/01/19 (2115) - 04, 19, 27, 35, 40, 44
12/01/19 (2114) - 17, 25, 30, 35, 42, 57
09/01/19 (2113) - 11, 14, 21, 25, 46, 50
05/01/19 (2112) - 17, 39, 43, 46, 52, 53
02/01/19 (2111) - 01, 41, 44, 46, 54, 58
31/12/18 (2110) - 05, 10, 12, 18, 25, 33
20/12/18 (2109) - 04, 12, 16, 34, 44, 49
18/12/18 (2108) - 19, 22, 29, 41, 44, 59
15/12/18 (2107) - 08, 38, 44, 50, 56, 60
12/12/18 (2106) - 03, 27, 36, 39, 40, 43
08/12/18 (2105) - 11, 13, 16, 24, 31, 46
06/12/18 (2104) - 02, 10, 12, 27, 45, 56
04/12/18 (2103) - 03, 13, 40, 44, 46, 50
01/12/18 (2102) - 04, 06, 17, 34, 51, 57
28/11/18 (2101) - 02, 08, 18, 37, 56, 58
24/11/18 (2100) - 01, 10, 11, 13, 35, 49
21/11/18 (2099) - 05, 15, 20, 27, 30, 58
17/11/18 (2098) - 02, 08, 18, 27, 38, 60
14/11/18 (2097) - 09, 24, 28, 45, 49, 51
10/11/18 (2096) - 06, 11, 13, 19, 24, 51
07/11/18 (2095) - 16, 29, 35, 43, 49, 56 -> R$ 22.000.000,00
03/11/18 (2094) - 04, 16, 19, 31, 33, 44 -> R$ 10.000.000,00
31/10/18 (2093) - 08, 14, 27, 34, 52, 54 -> R$ 5.500.000,00
27/10/18 (2092) - 11, 13, 15, 17, 22, 27 -> R$ 2.500.000,00
25/10/18 (2091) - 10, 11, 12, 37, 38, 59 -> R$ 20.000.000,00
23/10/18 (2090) - 08, 11, 18, 37, 40, 51 -> R$ 18.000.000,00
20/10/18 (2089) - 05, 10, 32, 38, 48, 49 -> R$ 3.000.000,00
17/10/18 (2088) - 03, 14, 24, 27, 38, 56 -> R$ 2.500.000,00
13/10/18 (2087) - 02, 18, 19, 23, 34, 53 -> R$ 27.000.000,00
10/10/18 (2086) - 04, 35, 43, 46, 47, 53 -> R$ 23.000.000,00
06/10/18 (2085) - 12, 21, 25, 37, 38, 49 -> R$ 19.000.000,00
03/10/18 (2084) - 07, 20, 26, 37, 38, 39 -> R$ 6.000.000,00
29/09/18 (2083) - 01, 18, 19, 33, 56, 60 -> R$ 3.000.000,00
26/09/18 (2082) - 06, 25, 33, 42, 48, 49 -> R$ 2.500.000,00
22/09/18 (2081) - 13, 18, 35, 40, 41, 42 -> R$ 22.000.000,00
20/09/18 (2080) - 10, 22, 40, 46, 55, 58 -> R$ 17.000.000,00



